12,314,355
16,211,290
17,211,290
18,211,290
19,231,382
20,231,382
21,185,211
22,185,211
29,162,389
30,162,389
31,162,389
32,68,162
33,68,162
34,68,162
37,257,399
38,257,399
39,270,313
40,270,313
41,95,162
42,95,162
43,202,298
44,202,298
45,202,298
54,227,362
55,227,362
58,34,203
59,34,203
60,54,214
61,54,114,214,352
62,54,214
69,235,402
70,235,402
71,235,402
72,37
73,37
77,37,257
78,37,257
79,335,362
80,335,362
83,348,355
84,175,355
85,175,355
98,133,290
99,133,290
102,202,235
103,202,235
108,214,431
114,73,402
115,68,409
116,190,362
117,190,362
118,60
119,60,203,214
120,196,278
121,196,278
123,203,226
128,231,431
129,340
130,340
131,32,196
133,129,204
138,196,330
139,196,330
140,175,446
141,175,446
142,372,446
147,225,352
148,225,352
149,225,352
161,203,343
162,203,343
163,101,278
164,101,278
165,9,450
166,9,450
169,95,162
174,270,313
177,202,297
178,202,297
179,115,351
180,115,351
181,115,351
183,8,453
184,8,453
185,203,272
186,54,214
187,227,270,331,340
188,227,270,331,340
189,227,270,331,340
191,230,414
192,230,414
193,202,364
194,34,401
195,34,401
198,109,355
199,335,362
203,243,285
207,364,366
211,290,453
212,203,226
222,109,446
223,350,362
224,350,362
225,264,420
226,243,314
227,65,355
230,190,362
234,50,285
235,214,445
239,238,393
241,174,231
261,305,399
262,305,399
263,271
264,271
270,73,352
271,73,352
272,73,352
276,119,203,239,366
277,119,203,239,366
278,239,351
279,239,351
283,56,202
284,56,202
300,321,445
301,321,445
309,324
310,324
318,37,399
319,37,399
320,281,340
321,281,340
333,297,355
334,297,355
339,209,214
340,209,214
341,232,283
342,232,283
345,202,243
346,202,243
347,440,446
348,440,446
349,243,445
350,243,445
351,466
357,73,318
366,392,445
367,392,445
368,392,445
369,214,414
370,196,300
397,297,366
398,297,366
399,290,401
400,290,401
403,393,400
404,393,400
405,393,400
412,173
417,343,351
418,163,352
419,163,352
422,281,290
423,281,290
425,95,285
426,95,285
427,252,409
428,252,409
430,109,355
431,290,372
432,290,372
441,272,417
456,186,352
457,186,352
463,214,431
465,73,402
466,238,393
469,202,364
472,364,366
