1,80,124,130,133,174,202,203,204,267,275,320,345,437,438
2,80,124,130,133,174,202,203,204,267,275,320,345,437,438
3,80,124,130,133,174,202,203,204,267,275,320,345,437,438
4,44,68,187,200,232,242,246,251,264,349,394,406,407
5,44,68,187,200,232,242,246,251,264,349,394,406,407
6,44,68,187,200,232,242,246,251,264,349,394,406,407
7,54,114,175,193,243,252,281,287,300,323,330,362,392,453
8,54,114,175,193,243,252,281,287,300,323,330,362,392,453
9,54,114,175,193,243,252,281,287,300,323,330,362,392,453
16,185,193,211,228,253,314,403,413,432
17,185,193,211,228,253,314,403,413,432
18,185,193,211,228,253,314,403,413,432
19,44,68,103,154,172,179,253,279,382,387,515
20,44,68,103,154,172,179,253,279,382,387,515
21,13,18,98,143,161,184,185,211,253,297,310
22,13,18,98,143,161,184,185,211,253,297,310
23,21,50,180,184,228,231,251,289,305,342,389,415
24,21,50,180,184,228,231,251,289,305,342,389,415
25,3,9,117,175,179,203,217,227,252,268,273,321,344,381,516
26,3,9,117,175,179,203,217,227,252,268,273,321,344,381,516
27,68,175,203,229,232,306,341,400,431,498
28,68,175,203,229,232,306,341,400,431,498
29,36,48,50,68,116,130,203,204,228,231,251,342,498
30,36,48,50,68,116,130,203,204,228,231,251,342,498
31,36,48,50,68,116,130,203,204,228,231,251,342,498
32,36,48,50,68,93,133,203,231,251,342,389,457,498
33,36,48,50,68,93,133,203,231,251,342,389,457,498
34,36,48,50,68,93,133,203,231,251,342,389,457,498
35,102,118,133,150,187,217,273,312,313,321,343,500
36,102,118,133,150,187,217,273,312,313,321,343,500
37,50,95,175,180,185,257,290,326,336,384,394,506,541
38,50,95,175,180,185,257,290,326,336,384,394,506,541
39,185,195,214,217,273,313,343,356,386,387,445
40,185,195,214,217,273,313,343,356,386,387,445
41,16,18,95,98,174,185,202,211,228,413,417,428,432
42,16,18,95,98,174,185,202,211,228,413,417,428,432
43,75,175,204,235,267,275,290,298,321,495
44,75,175,204,235,267,275,290,298,321,495
45,75,175,204,235,267,275,290,298,321,495
46,60,68,73,97,103,175,203,228,230,232,363,440,450
47,60,68,73,97,103,175,203,228,230,232,363,440,450
48,97,103,202,226,234,285,290,324,390,450,476
49,97,103,202,226,234,285,290,324,390,450,476
50,29,103,179,185,203,228,246,251,253,262,310,426,515
51,29,103,179,185,203,228,246,251,253,262,310,426,515
52,39,95,133,175,180,204,231,274,289,316,386,387,492
53,39,95,133,175,180,204,231,274,289,316,386,387,492
54,60,95,109,193,214,227,238,248,281,287,290,426,485
55,60,95,109,193,214,227,238,248,281,287,290,426,485
56,68,96,179,193,214,227,251,264,265,279,370
57,68,96,179,193,214,227,251,264,265,279,370
58,24,34,37,38,83,231,234,242,257,336,343,370,394
59,24,34,37,38,83,231,234,242,257,336,343,370,394
60,54,61,114,150,170,203,227,283,287,301,341,346,352
61,54,61,114,150,170,203,227,283,287,301,341,346,352
62,54,61,114,150,170,203,227,283,287,301,341,346,352
63,7,8,9,112,227,282,285,379,385,470
64,7,8,9,112,227,282,285,379,385,470
65,7,8,9,112,227,282,285,379,385,470
66,7,8,9,27,68,96,227,265,282,321,370,379,418,484
67,7,8,9,27,68,96,227,265,282,321,370,379,418,484
68,7,8,9,27,68,96,227,265,282,321,370,379,418,484
69,141,202,227,235,275,311,321,331,345,363,388,438,499
70,141,202,227,235,275,311,321,331,345,363,388,438,499
71,141,202,227,235,275,311,321,331,345,363,388,438,499
72,62,109,114,145,229,243,282,321,330,367,392
73,62,109,114,145,229,243,282,321,330,367,392
74,5,174,175,203,264,335,359,431,475
75,5,174,175,203,264,335,359,431,475
76,5,174,175,203,264,335,359,431,475
77,24,32,37,38,67,95,172,204,234,445
78,24,32,37,38,67,95,172,204,234,445
79,23,173,187,214,248,300,335,382,428,472
80,23,173,187,214,248,300,335,382,428,472
83,16,98,119,174,175,189,193,211,279,297,343,348,355,376,400
84,48,98,114,119,175,185,283,363,372,413
85,48,98,114,119,175,185,283,363,372,413
86,21,32,50,122,195,214,227,231,252,254,255,256,324,333,352
87,21,32,50,122,195,214,227,231,252,254,255,256,324,333,352
88,114,122,174,184,212,254,255,256,286,325,425,491
89,114,122,174,184,212,254,255,256,286,325,425,491
90,36,41,61,103,112,229,333,341,350,352,392,419
91,36,41,61,103,112,229,333,341,350,352,392,419
92,7,8,9,50,114,123,149,184,195,288,310,499
93,7,8,9,50,114,123,149,184,195,288,310,499
94,7,8,9,50,114,123,149,184,195,288,310,499
95,111,175,205,335,350,431,446,484
96,7,8,9,112,260,272,274,285,290,385,417,427
97,7,8,9,112,260,272,274,285,290,385,417,427
98,21,97,114,117,133,175,203,246,282,321,498
99,21,97,114,117,133,175,203,246,282,321,498
102,174,202,235,236,246,267,275,285,335,363,381,384,437
103,174,202,235,236,246,267,275,285,335,363,381,384,437
104,24,103,130,187,195,197,203,246,442,498
105,24,103,130,187,195,197,203,246,442,498
106,68,136,170,183,203,228,229,270,364,410,418
107,68,136,170,183,203,228,229,270,364,410,418
108,34,133,173,174,187,214,222,265,330,359,428
109,60,103,149,174,180,194,220,254,255,256,288
110,60,103,149,174,180,194,220,254,255,256,288
111,68,130,174,179,222,231,242,306,407,422,423,424,431
112,68,130,174,179,222,231,242,306,407,422,423,424,431
113,68,118,203,215,217,270,312,356,363,387,426
114,72,73,93,133,175,202,267,283,363,384,437,476
115,23,38,50,68,116,193,253,264,283,306,359,376,509
116,13,50,62,82,150,175,190,200,225,324,330,352,499
117,13,50,62,82,150,175,190,200,225,324,330,352,499
118,34,56,60,114,130,189,214,300,324,341,401
119,34,56,60,114,130,189,214,300,324,341,401
122,95,102,109,196,204,248,252,271,298,358,361,417,471,478
123,13,68,179,203,211,226,318,400,405,432
124,8,96,252,273,357,358,417,445
125,2,7,8,27,96,112,223,238,264,359,364
126,2,5,9,103,112,116,183,187,223,231,238,394
127,31,98,175,185,276,364,370,382,450
131,32,90,174,193,214,246,248,250,287,321,349,406,419
133,174,175,197,203,204,273,281,313,321,343,363,485,500
134,174,175,197,203,204,273,281,313,321,343,363,485,500
135,174,175,197,203,204,273,281,313,321,343,363,485,500
136,174,175,197,203,204,273,281,313,321,343,363,485,500
138,21,48,61,62,114,117,191,250,282,330,352,378,390
139,21,48,61,62,114,117,191,250,282,330,352,378,390
140,61,62,103,109,175,193,196,202,229,282,341
141,61,62,103,109,175,193,196,202,229,282,341
142,18,174,193,211,225,228,355,366,372
143,18,38,68,90,120,122,174,204,228,363,428,495
147,48,54,114,225,231,245,349,352,406,407,453
148,48,54,114,225,231,245,349,352,406,407,453
149,48,54,114,225,231,245,349,352,406,407,453
152,22,34,68,73,175,246,267,275,287,312,320,378,437,505
153,22,34,68,73,175,246,267,275,287,312,320,378,437,505
154,22,34,68,73,175,246,267,275,287,312,320,378,437,505
155,24,37,38,98,154,179,193,267,306,326,336,343,394,481
156,24,37,38,98,154,179,193,267,306,326,336,343,394,481
157,24,37,38,98,154,179,193,267,306,326,336,343,394,481
158,8,37,56,232,242,246,300,313,335,346,349,352,453
159,8,37,56,232,242,246,300,313,335,346,349,352,453
160,8,37,56,232,242,246,300,313,335,346,349,352,453
161,38,116,163,179,204,228,231,271,274,343,363,387
162,38,116,163,179,204,228,231,271,274,343,363,387
163,17,18,48,97,101,119,143,185,297,432
164,17,18,48,97,101,119,143,185,297,432
165,60,103,117,146,227,264,282,318,405,409,450
166,60,103,117,146,227,264,282,318,405,409,450
167,41,49,50,60,226,228,324,390,400,476,527
168,41,49,50,60,226,228,324,390,400,476,527
169,16,18,95,98,174,185,202,211,228,413,417,428,432
170,54,60,97,103,133,175,250,351,352,362
171,54,60,97,103,133,175,250,351,352,362
172,3,9,117,175,179,203,217,227,252,268,273,321,344,381,516
173,102,118,133,150,187,217,273,312,313,321,343,500
174,185,195,214,217,273,313,343,356,386,387,445
175,64,119,193,217,234,248,290,326,375,381,417,500
176,64,119,193,217,234,248,290,326,375,381,417,500
177,65,98,114,185,211,285,287,297,355,389,428,485
178,65,98,114,185,211,285,287,297,355,389,428,485
179,28,34,36,97,103,231,260,268,316,495
180,28,34,36,97,103,231,260,268,316,495
181,28,34,36,97,103,231,260,268,316,495
182,75,175,204,235,267,275,290,298,321,495
183,21,34,47,48,133,187,195,217,227,248,276,287,313,321,330,346,453,487
184,21,34,47,48,133,187,195,217,227,248,276,287,313,321,330,346,453,487
185,29,106,111,120,174,203,205,328,446
186,54,61,114,150,170,203,227,283,287,301,341,346,352
187,38,93,133,203,227,270,312,388,402,538
188,38,93,133,203,227,270,312,388,402,538
189,38,93,133,203,227,270,312,388,402,538
190,3,21,68,97,103,180,228,251,252,279,340,343,415
191,73,117,174,203,227,230,234,267,270,275,320,363
192,73,117,174,203,227,230,234,267,270,275,320,363
193,18,38,141,179,185,228,290,318,324,364
194,24,34,68,105,174,214,227,246,254,255,256,300,491,495
195,24,34,68,105,174,214,227,246,254,255,256,300,491,495
196,174,175,197,203,204,273,281,313,321,343,363,485,500
197,174,175,197,203,204,273,281,313,321,343,363,485,500
198,17,18,65,103,109,119,143,185,195,297,355,372,375,413
199,23,173,187,214,248,300,335,382,428,472
200,103,174,180,194,262,285,286,389,417,425,466,472
203,13,24,36,133,193,212,243,248,251,273,277,285,290
204,38,42,68,129,175,203,279,328,379,390,446
205,38,42,68,129,175,203,279,328,379,390,446
206,29,44,97,117,173,174,214,246,277,290,310,376,506
207,13,17,38,68,97,226,232,328,342,364,379,400,431,440
208,111,175,205,335,350,431,446,484
209,38,102,118,173,185,215,217,242,264,265,370,422,423,424
210,38,102,118,173,185,215,217,242,264,265,370,422,423,424
211,48,61,114,175,310,324,352,362,453,491
212,13,68,179,203,211,226,318,400,405,432
213,51,189,230,270,282,328,350,367,515
214,38,69,106,117,175,224,228,264,279
215,8,44,68,180,193,228,252,274,306,364,386,419,420,458
216,36,38,68,69,187,214,232,238,242,281,313,370,400,498
217,36,38,68,69,187,214,232,238,242,281,313,370,400,498
218,108,151,174,205,254,255,256,257,262,414,517
219,108,151,174,205,254,255,256,257,262,414,517
220,34,36,38,44,90,174,246,333,341,419,446,556
221,34,36,38,44,90,174,246,333,341,419,446,556
222,54,103,109,112,117,133,174,267,275,333,352,392,457
223,48,62,103,114,129,173,175,190,323,341,350,352,491
224,48,62,103,114,129,173,175,190,323,341,350,352,491
225,8,62,98,150,196,229,248,252,301,420,516
226,21,56,114,133,150,239,243,300,324,346,469
227,18,65,143,174,203,228,366,372,385,413
228,68,83,99,179,180,228,251,364,386,417,421,422,424
229,68,83,99,179,180,228,251,364,386,417,421,422,424
230,13,50,62,82,150,175,190,200,225,324,330,352,499
231,34,68,90,116,173,189,246,283,420,457,484
232,34,68,90,116,173,189,246,283,420,457,484
234,24,37,44,50,99,180,224,300,326,382,428
236,68,136,170,183,203,228,229,270,364,410,418
237,68,136,170,183,203,228,229,270,364,410,418
238,8,96,252,273,357,358,417,445
239,2,7,8,27,96,112,223,238,264,359,364
240,2,5,9,103,112,116,183,187,223,231,238,394
241,38,69,146,174,179,203,214,217,270,359,363,386,531
242,68,118,203,215,217,270,312,356,363,387,426
246,23,116,174,200,228,231,246,334,349,372,442,446
247,23,116,174,200,228,231,246,334,349,372,442,446
248,23,116,174,200,228,231,246,334,349,372,442,446
252,13,24,73,225,235,242,283,300,306,320,331,345,363,388,437
253,13,24,73,225,235,242,283,300,306,320,331,345,363,388,437
254,13,24,73,225,235,242,283,300,306,320,331,345,363,388,437
255,67,68,97,174,179,203,226,265,297,306,364,387,400,481
256,67,68,97,174,179,203,226,265,297,306,364,387,400,481
257,67,68,97,174,179,203,226,265,297,306,364,387,400,481
258,23,38,44,68,124,174,243,246,250,253,281,287,301,419,426,469
259,23,38,44,68,124,174,243,246,250,253,281,287,301,419,426,469
260,23,38,44,68,124,174,243,246,250,253,281,287,301,419,426,469
261,43,214,281,289,305,310,343,382,389,422,423,424
262,43,214,281,289,305,310,343,382,389,422,423,424
263,189,204,214,228,270,271,321,431,493
264,189,204,214,228,270,271,321,431,493
270,55,68,73,75,175,202,230,235,298,321
271,55,68,73,75,175,202,230,235,298,321
272,55,68,73,75,175,202,230,235,298,321
273,13,36,73,98,133,251,331,384,388,417,432,492
274,13,36,73,98,133,251,331,384,388,417,432,492
275,13,36,73,98,133,251,331,384,388,417,432,492
276,18,48,99,119,143,211,228,287,355,413,432
277,18,48,99,119,143,211,228,287,355,413,432
278,16,54,97,239,282,346,355,362,392
279,16,54,97,239,282,346,355,362,392
280,50,109,194,212,227,262,285,288,425,485
281,50,109,194,212,227,262,285,288,425,485
282,50,109,194,212,227,262,285,288,425,485
283,56,60,170,193,203,324,341,450,453
284,56,60,170,193,203,324,341,450,453
285,204,264,270,313,331,358,363,388,402,409
286,204,264,270,313,331,358,363,388,402,409
287,34,163,173,174,214,228,306,321,359,400,495
288,34,163,173,174,214,228,306,321,359,400,495
289,34,163,173,174,214,228,306,321,359,400,495
290,16,185,203,318,400,405,450,515
291,16,185,203,318,400,405,450,515
292,16,185,203,318,400,405,450,515
293,36,108,173,265,283,313,326,359,509
294,36,108,173,265,283,313,326,359,509
295,36,108,173,265,283,313,326,359,509
296,68,185,193,197,223,238,264,270,279,358,364,418,469,498
297,68,185,193,197,223,238,264,270,279,358,364,418,469,498
298,21,34,47,227,287,313,321,330,346,487
299,38,203,205,222,335,446
300,226,252,253,270,273,313,321,387,389,426,428,445,493
301,226,252,253,270,273,313,321,387,389,426,428,445,493
302,105,212,236,260,271,364,368,417,421,445
303,21,246,305,321,368,385,386,389,422,423,424,445
304,23,34,103,174,265,276,283,407,442,446,457
305,23,34,103,174,265,276,283,407,442,446,457
306,23,34,103,174,265,276,283,407,442,446,457
307,7,8,9,193,223,226,252,290,384,385,409,418,427
308,7,8,9,193,223,226,252,290,384,385,409,418,427
309,29,129,174,242,253,351,415,422,423,424,435,481,486
310,29,129,174,242,253,351,415,422,423,424,435,481,486
311,47,186,273,381,435
312,47,186,273,381,435
313,69,146,226,227,271,318,405
314,74,109,226,227,313,318,405,445
315,42,75,79,170,178,191,202,235,320,326,363,402,437
316,123,151,174,189,194,220,441
317,123,151,174,189,194,220,441
318,37,38,56,129,246,362
319,37,38,56,129,246,362
320,34,37,38,90,111,173,174,214,321,392,428,487
321,34,37,38,90,111,173,174,214,321,392,428,487
322,23,34,111,184,203,205,246,254,255,256,257,281,336,426,442
323,23,34,111,184,203,205,246,254,255,256,257,281,336,426,442
324,90,130,203,214,281,284,481,499
325,18,133,203,243,248,271,285,326,381,428
326,18,133,203,243,248,271,285,326,381,428
327,50,196,226,227,229,252,265,271,272,273,274,313,352,427
328,16,98,116,175,203,210,324,341,414,450
329,16,98,116,175,203,210,324,341,414,450
330,16,98,116,175,203,210,324,341,414,450
331,50,51,67,68,223,265,298,320,335,345,388,402,415,417
332,50,51,67,68,223,265,298,320,335,345,388,402,415,417
333,97,99,114,211,228,297,304,355,384,407
334,97,99,114,211,228,297,304,355,384,407
335,13,24,50,68,154,174,175,231,232,364,400,458,515
336,34,184,231,254,255,256,372,378,386,400,415,515
339,36,37,56,175,209,250,330,341,349,414
340,36,37,56,175,209,250,330,341,349,414
341,34,38,232,246,276,282,283,300,349,376,498
342,34,38,232,246,276,282,283,300,349,376,498
345,72,105,112,174,203,243,321,378,446
346,72,105,112,174,203,243,321,378,446
347,28,103,174,229,282,334,352,440
348,28,103,174,229,282,334,352,440
349,54,95,109,114,225,231,243,300,321,362,406,445
350,54,95,109,114,225,231,243,300,321,362,406,445
351,50,133,248,381,466,499,506
352,50,105,146,252,271,277,285,289,417,492
353,50,109,193,194,228,286,310,425,441,466
354,50,109,193,194,228,286,310,425,441,466
355,185,194,220,262,285,286,288,399,466
356,185,194,220,262,285,286,288,399,466
357,13,21,29,73,174,235,267,331,348,349,363,437
358,50,95,105,174,248,273,285,500
359,38,174,185,195,212,224,226,277,372,382,386,389,428,506
361,50,117,191,205,311,313,335,419,506
362,50,117,191,205,311,313,335,419,506
363,90,174,205,214,254,255,256,281,324,346,352,392
364,90,174,205,214,254,255,256,281,324,346,352,392
365,90,174,205,214,254,255,256,281,324,346,352,392
366,34,48,109,112,203,287,300,330,352,362,392
367,34,48,109,112,203,287,300,330,352,362,392
368,34,48,109,112,203,287,300,330,352,362,392
369,130,133,173,189,214,222,330,341,346,362,401,428
370,48,150,300,346,362,392,445,453,505
371,37,56,82,111,203,239,349,406,407,424
372,37,56,82,111,203,239,349,406,407,424
373,37,56,82,111,203,239,349,406,407,424
387,34,37,38,74,133,254,255,256,276,321,328,388,402,414,469
388,34,37,38,74,133,254,255,256,276,321,328,388,402,414,469
389,34,37,38,74,133,254,255,256,276,321,328,388,402,414,469
390,7,9,24,66,68,116,227,252,257,264,270,274,299,501
391,7,9,24,66,68,116,227,252,257,264,270,274,299,501
392,7,9,24,66,68,116,227,252,257,264,270,274,299,501
393,48,56,97,117,173,175,189,196,281,297,300,392,458
394,48,56,97,117,173,175,189,196,281,297,300,392,458
395,48,56,97,117,173,175,189,196,281,297,300,392,458
396,28,31,38,193,197,211,228,253,279,297,310,355
397,28,31,38,193,197,211,228,253,279,297,310,355
398,28,31,38,193,197,211,228,253,279,297,310,355
399,38,98,111,130,154,203,205,214,316,346,401,431
400,38,98,111,130,154,203,205,214,316,346,401,431
403,24,36,98,129,270,324,336,351,400,422,423,424
404,24,36,98,129,270,324,336,351,400,422,423,424
405,24,36,98,129,270,324,336,351,400,422,423,424
406,42,75,79,170,178,191,202,235,320,326,363,402,437
407,42,75,79,170,178,191,202,235,320,326,363,402,437
408,18,21,23,37,38,43,174,231,242,359,442
409,18,21,23,37,38,43,174,231,242,359,442
410,29,34,38,68,90,103,116,174,184,350,446,469
411,29,34,38,68,90,103,116,174,184,350,446,469
417,39,44,111,175,205,231,260,266,268,313,343,516
418,3,29,154,163,189,210,226,316,382,392,401,415,541
419,3,29,154,163,189,210,226,316,382,392,401,415,541
420,75,111,205,230,267,311,312,320,321,361,363,402,505
421,75,111,205,230,267,311,312,320,321,361,363,402,505
422,54,68,90,124,133,174,243,254,255,256,262,281,362,376,499
423,54,68,90,124,133,174,243,254,255,256,262,281,362,376,499
424,3,21,68,97,103,180,228,251,252,279,340,343,415
425,34,50,95,114,194,262,311,432,499
426,34,50,95,114,194,262,311,432,499
427,7,8,9,67,175,186,227,252,264,313,327,383,415,458,509
428,7,8,9,67,175,186,227,252,264,313,327,383,415,458,509
429,103,174,180,194,262,285,286,389,417,425,466,472
430,17,18,65,103,109,119,143,185,195,297,355,372,375,413
431,28,39,44,98,175,289,313,358,372,387
432,28,39,44,98,175,289,313,358,372,387
433,50,95,105,174,248,273,285,500
434,38,43,114,123,184,228,231,242,310,386,481,492
435,38,43,114,123,184,228,231,242,310,386,481,492
438,29,106,111,120,174,203,205,328,446
439,95,102,109,196,204,248,252,271,298,358,361,417,471,478
440,68,118,203,215,217,270,312,356,363,387,426
441,48,97,101,211,214,227,314,417,432
442,108,171,194,220,286,288,425,445
443,34,37,38,184,200,225,231,232,239,328,341,431,442
444,34,37,38,184,200,225,231,232,239,328,341,431,442
445,34,37,38,184,200,225,231,232,239,328,341,431,442
446,18,38,68,120,122,174,204,228,363,428,495
447,44,67,97,136,170,197,238,242,266,299,327,334,410,418,509
448,44,67,97,136,170,197,238,242,266,299,327,334,410,418,509
449,18,34,174,214,254,255,256,279,303,328
450,18,34,174,214,254,255,256,279,303,328
451,18,28,41,97,103,109,163,185,228,231,342,400
452,18,28,41,97,103,109,163,185,228,231,342,400
453,29,68,96,223,238,252,265,358,364,367,382,409,410,418
454,29,68,96,223,238,252,265,358,364,367,382,409,410,418
455,21,73,75,78,79,202,235,320,345,388,476
456,60,62,97,150,175,186,204,321,324,362,401
457,60,62,97,150,175,186,204,321,324,362,401
458,21,56,114,133,150,239,243,300,324,346,469
459,23,38,54,73,74,130,331,345,363,402,419
460,23,38,54,73,74,130,331,345,363,402,419
461,8,44,68,180,193,228,252,274,306,364,386,419,420,458
463,34,133,173,174,187,214,222,265,330,359,428
464,68,130,174,179,222,231,242,306,407,422,423,424,431
465,72,73,93,133,175,202,267,283,363,384,437,476
466,2,7,8,27,96,112,223,238,264,359,364
467,2,5,9,103,112,116,183,187,223,231,238,394
468,64,119,193,217,234,248,290,326,375,381,417,500
469,18,38,141,179,185,228,290,318,324,364
470,174,175,197,203,204,273,281,313,321,343,363,485,500
471,174,175,197,203,204,273,281,313,321,343,363,485,500
472,13,17,38,68,97,226,232,328,342,364,379,400,431,440
473,34,36,38,44,90,174,246,333,341,419,446,556
475,50,109,194,212,227,262,285,288,425,485
476,38,203,205,222,335,446
477,185,194,220,262,285,286,288,399,466
478,50,117,191,205,311,313,335,419,506
495,137,212,228,230,231,239,243,345,363,445
496,137,212,228,230,231,239,243,345,363,445
497,137,212,228,230,231,239,243,345,363,445
498,34,37,174,214,222,276,281,283,343,484
499,34,37,174,214,222,276,281,283,343,484
500,34,37,174,214,222,276,281,283,343,484
501,103,197,362,372,376,383,400,403
502,103,197,362,372,376,383,400,403
503,103,197,362,372,376,383,400,403
504,103,175,193,228,231,279,372
505,103,175,193,228,231,279,372
506,28,122,189,203,204,228,281,336,422,423,424
507,28,122,189,203,204,228,281,336,422,423,424
508,28,122,189,203,204,228,281,336,422,423,424
509,6,185,204,227,281,313,343,492
510,6,185,204,227,281,313,343,492
511,67,272,310,320,321,331,343,345,417,437
512,67,272,310,320,321,331,343,345,417,437
513,7,67,83,214,257,272,310,321,343,417
514,7,67,83,214,257,272,310,321,343,417
515,56,67,272,300,310,321,343,392,401,417
516,56,67,272,300,310,321,343,392,401,417
517,49,112,129,174,214,226,270,277,290
518,49,112,129,174,214,226,270,277,290
519,95,211,234,253,273,381,516
520,95,211,234,253,273,381,516
521,95,211,234,253,273,381,516
522,24,28,36,38,99,103,203,351,382
523,24,28,36,38,99,103,203,351,382
524,36,174,199,222,317,356,475,484
525,36,174,199,222,317,356,475,484
526,36,174,199,222,317,356,475,484
527,48,204,260,270,282,313,355,485,500
528,48,204,260,270,282,313,355,485,500
529,66,130,229,306,319,334,414,431
530,66,130,229,306,319,334,414,431
531,133,186,214,215,227,273,281,361,381,516
532,4,68,179,183,193,197,203,265,395,409,469
533,4,68,179,183,193,197,203,265,395,409,469
534,4,68,179,183,193,197,203,265,395,409,469
535,54,173,214,287,300,352,414,426
536,54,173,214,287,300,352,414,426
537,54,173,214,287,300,352,414,426
540,13,97,103,170,226,293,318,382,403
541,13,97,103,170,226,293,318,382,403
542,13,97,103,170,226,293,318,382,403
543,36,41,42,191,390,431
544,36,41,42,191,390,431
545,36,41,42,191,390,431
546,227,251,262,313,320,321,363,388,415
547,227,251,262,313,320,321,363,388,415
548,117,203,204,230,275,320,361,363,388
549,117,203,204,230,275,320,361,363,388
550,61,97,99,129,250,279,330,341,362
551,38,68,116,212,228,251,253,422,424,431
552,38,68,116,212,228,251,253,422,424,431
553,38,68,116,212,228,251,253,422,424,431
554,36,116,172,203,214,227,264,281,359
555,36,116,172,203,214,227,264,281,359
556,73,191,320,331,340,388,402,452
557,68,174,191,203,328,334,335,400
558,68,174,191,203,328,334,335,400
559,7,8,9,68,133,185,197,252,349,409,428
560,7,8,9,68,133,185,197,252,349,409,428
561,211,246,285,355,375,500
562,50,171,203,262,286,313,377,417
563,50,171,203,262,286,313,377,417
564,21,34,88,117,175,250,282,334,352
565,21,34,88,117,175,250,282,334,352
566,44,211,282,406,414,432,457
567,44,211,282,406,414,432,457
568,28,114,120,174,191,205,300,350
569,28,114,120,174,191,205,300,350
570,68,197,262,289,326,389,399,421,445
571,68,197,262,289,326,389,399,421,445
572,39,175,189,203,214,231,282,313,401
573,39,175,189,203,214,231,282,313,401
574,212,243,253,357,399,445
575,212,243,253,357,399,445
576,212,243,253,357,399,445
577,101,109,151,271,286,290,310
578,101,109,151,271,286,290,310
579,101,109,151,271,286,290,310
580,16,119,211,314,362,381,382
581,16,119,211,314,362,381,382
582,181,286,334,352,363,393,420,475
583,181,286,334,352,363,393,420,475
584,181,286,334,352,363,393,420,475
585,97,214,226,235,313,316,320,363,388
586,97,214,226,235,313,316,320,363,388
587,204,226,231,310,321,343,351,355,403
588,30,68,103,185,224,228,282,450
589,30,68,103,185,224,228,282,450
590,34,74,77,78,111,203,205,380
591,34,74,77,78,111,203,205,380
592,54,105,109,132,151,220
593,54,105,109,132,151,220
594,54,203,220,243,287,321
595,40,42,50,185,228,431,440
596,40,42,50,185,228,431,440
597,73,191,331,356,388,402,431,446
598,73,191,331,356,388,402,431,446
605,50,100,112,285,310,384,385,417
606,50,100,112,285,310,384,385,417
607,51,114,151,203,257,445,499
608,51,114,151,203,257,445,499
609,51,114,151,203,257,445,499
610,13,68,106,116,179,203,231,283,400,406
611,13,68,106,116,179,203,231,283,400,406
612,13,68,106,116,179,203,231,283,400,406
613,8,203,227,264,281,372,400,419
614,8,203,227,264,281,372,400,419
616,38,170,189,191,203,226,227,228,364,470
617,38,170,189,191,203,226,227,228,364,470
618,174,180,209,214,220,281,310,351,414
619,67,203,226,233,265,282,364,382
620,67,203,226,233,265,282,364,382
621,137,185,228,231,232,289,306,342,389,421,422,424
624,29,212,228,279,389,421,427,446
625,29,212,228,279,389,421,427,446
626,29,130,133,189,279,341,431,442
629,184,211,212,282,313,355
630,184,211,212,282,313,355
631,34,35,174,185,214,228,257,321,389,400,421
632,103,185,203,226,422,431
633,103,310,372,399,414,422,423,424,457,458
634,103,310,372,399,414,422,423,424,457,458
635,103,310,372,399,414,422,423,424,457,458
636,81,106,193,203,234,393,428
637,81,106,193,203,234,393,428
