1,22,33,36,38,45,73,74,75,77,79,230,235,388,402
2,22,33,36,38,45,73,74,75,76,77,79,230,235,388
3,22,33,36,38,45,73,74,75,76,77,79,80,230,235,388
4,10,45,52,53,82,83,108,163,184,424,481,517
5,10,45,52,53,82,83,108,163,184,424,481,517
6,10,17,45,52,53,82,83,108,163,184,257,337,394,403,421,424,481,517
7,33,39,44,55,56,110,130,145,182,229,240,334,352,401
8,33,39,44,55,56,110,130,145,182,229,240,334,352,401
9,33,39,44,55,56,110,130,145,182,229,240,334,352,401,430
10,33,81,450
11,106
12,16,18,48,60,77,78,79,93,219,318,366,405,445,476,483
13,40,81,450
14,106
15,31,41,42,97,99,116,228,283,372,390,398
16,16,17,18,28,33,97,98,119,239,297,355,366,403,542
17,16,17,18,28,33,97,98,119,239,297,355,366,403,542
18,16,17,18,28,33,97,98,119,239,297,355,366,403,542
19,33,38,39,44,98,116,158,162,228,242,283,372,389
20,14,33,38,39,44,98,116,158,162,184,228,242,283,372,389
21,31,43,45,64,65,97,119,228,332,355,372
22,31,43,45,64,65,97,119,228,332,355,365,372,529
23,35,40,43,44,51,103,114,137,254,255,256,380,426,441,489,491
24,35,40,43,44,51,103,114,137,242,254,255,256,380,422,423,424,426,441,489,491
25,21,39,45,84,85,86,87,97,98,104,113,364,435,486
26,39,84,85,98
27,10,28,40,111,129,154,163,201,205,210,229,328,360
28,10,28,40,111,129,154,163,201,205,210,229,306,328,360
29,10,24,39,40,44,45,154,242,260,270,305,390,445
30,10,24,39,40,44,45,154,242,260,270,305,390,445
31,10,24,34,39,40,276,414,498
32,24,30,31,32,40,43,64,116,260,270,390,398,445
33,24,30,31,32,40,43,64,116,260,270,390,398,445
34,24,37,40,64,116,224,414,498
35,1,3,45,47,107,111,113,118,227,236,266,309,322,356,358,361,381,495,500,516
36,3,47,107,118
37,39,46,52,53,83,98,109,126,219,261,286,288,326,371,445,481,517
38,52,98,109,219,417
39,1,3,34,38,47,50,102,111,156,205,304,358,360,496
40,3,47,50,111
41,17,44,48,109,114,141,212,305,310,314,403,512
42,17,44,48,103,109,114,141,212,305,310,314,403,512
43,51,71,72,77,78,79,80,202,230,236,363,381
44,51,71,72,77,78,79,80,202,230,236,363,381
45,72,76,77,78,80,312
46,10,74,77,78,141,147,163,202,210,312,404,476
47,10,74,77,78,141,147,163,202,210,312,404,440,476
48,33,48,50,60,77,78,79,93,94,141,193,305,324,428
49,16,33,48,50,60,77,78,79,93,94,141,193,305,318,324,405,428,483
50,10,28,45,89,90,91,163,189,222,310,389,414,426,523
51,10,28,45,89,90,91,161,163,189,222,310,328,389,400,414,426,523
52,6,10,44,45,103,154,163,185,252,269,364,372,400,417,445
53,10,44,45,103,154,163,185,252,269,364,372,400,408,415,417,445
54,10,39,50,55,56,93,103,133,154,244,346,352,428,472,487
55,10,39,50,55,56,93,103,133,154,244,346,352,428,453,472,487
56,2,10,37,43,67,69,103,116,154,207,238,343,370,372,386,515
57,2,10,37,43,67,69,99,103,116,154,207,238,370,372,374,386,515
58,36,43,44,46,52,53,97,172,179,242,257,270,316,394,424,481,514
59,44,46,245,316,422,424
60,3,34,55,56,61,95,145,187,240,341,346,358,426
61,3,34,55,56,61,95,145,187,240,341,346,358,426
62,3,61,66,95,170,223,509
63,100
64,50,60,93,94,100,105,115,134,248,271,272,357,427,477,502
65,50,60,93,94,100,105,115,134,248,271,347,357,427,477,502
66,2,43,66,67,69,116,184,193,223,233,238,279,358,490
67,2,43,66,67,69,116,184,193,223,233,238,279,358,490
68,2,43,66,67,69,116,184,193,223,233,238,279,358,469,490
69,21,22,35,51,74,75,77,78,79,230,282,378,380
70,21,22,35,51,74,75,77,78,79,230,282,378,380
71,22,75,79,230,254,255,256,348,437,536
72,35,40,48,51,56,61,103,112,132,352,378,390,398,482,491,506
73,35,40,48,51,56,61,103,112,132,352,378,390,398,482,491,506
74,33,38,88,89,111,120,153,205,222,300,350,397,444,446,479,523
75,33,38,88,89,111,120,153,205,222,300,350,397,444,446,479,523
76,33,38,88,89,111,120,153,222,300,350,397,444,446,479,484,523,537
77,23,33,36,39,45,52,83,97,126,172,340,394,488,517
78,23,31,36,39,45,52,83,97,98,126,172,224,340,394,398,488,517
79,29,33,45,50,55,93,94,133,174,240,244,281,303,352,428,505
80,29,33,45,50,55,93,94,110,133,174,240,244,281,303,352,428,505
81,33,48,49,84,86,103,192,199,209,319,360,393,429,435,443,486
82,33,48,49,84,86,103,161,192,199,209,319,360,393,429,435,443,486
83,14,28,31,43,64,97,163,206,210,282,314,332,364,398,400,403,413,512
84,31,37,45,64,65,97,98,99,228,253,283,367,458
85,31,37,45,64,65,97,98,99,161,228,253,283,365,367
86,29,36,45,58,62,156,196,219,227,258,291,346,362,392,401,420,453
87,29,36,45,58,62,156,196,219,227,258,291,324,329,362,392,401,420,453
88,1,50,103,106,107,124,139,151,188,189,262,374,426,441,482
89,1,50,103,106,107,124,139,151,188,189,262,374,426,441,482
90,33,43,48,56,58,62,110,128,182,250,333,334,362,420,504,534
91,48,62,110,131,182,191,390,556
92,95,101,109,122,138,171,174,180,194,212,247,371,389,399,506
93,95,101,109,122,138,171,174,180,194,212,247,325,371,389,399,506
94,95,101,109,122,138,171,174,180,194,212,247,325,371,389,399,506
95,20,21,33,38,88,99,103,106,174,201,225,231,300,317,328,397,444,446,479
96,1,29,50,60,93,94,95,96,139,207,244,248,417,428,473,485
97,1,29,50,60,93,94,95,96,139,171,207,244,248,415,417,428,473,485
98,11,12,21,23,43,61,106,145,152,175,182,232,300,341,362
99,11,12,21,23,43,61,106,145,152,175,182,232,300,341,362,469
100,33,49,103,113,120,129,153,205,209,243,268,360,393,451,486
101,33,49,103,113,120,129,153,205,209,243,268,360,393,451,486
102,73,76,77,78,79,93,94,95,115,140,253,331,363,388,516
103,23,93,95,121,140,402,437,452,473
104,29,37,38,39,43,45,99,116,125,155,198,206,283,374,514
105,29,37,38,39,43,45,99,116,125,155,198,206,283,374,514
106,24,25,26,27,96,116,136,170,179,193,203,279,280,299,364,370,469
107,4,5,7,8,9,68,97,183,197,228,264,279,327,364,370,410,418,501
108,21,23,35,48,50,103,111,122,205,282,287,378,382,438,498
109,33,108,114,120,123,124,139,153,188,194,262,360,372,499
110,33,108,114,120,123,124,139,153,188,194,262,372,458,499
111,23,30,31,32,36,39,89,184,224,350,444,498,523,529
112,23,30,31,32,36,39,89,184,224,350,359,444,498,523,529
113,1,3,36,38,39,45,47,107,111,113,121,135,287,361,374,505,516
114,20,21,22,71,72,74,77,78,79,132,246,275,282,321,363,378,438
115,4,5,39,43,44,99,146,179,200,203,242,252,389,458,498
116,43,55,56,61,97,108,116,145,239,349,362,406
117,43,55,56,61,97,108,116,145,239,349,362,406
118,30,31,32,39,48,64,97,127,175,224,346,352,392,487
119,30,31,32,39,48,64,97,127,175,224,346,352,392,398,487
120,33,55,56,61,105,106,107,113,129,229,293,322,360,408,513
121,55,105,109,129,229
122,3,60,93,94,96,102,112,113,115,164,219,226,227,271,272,278,345,383,384,385,469,501
123,13,14,17,43,97,98,104,116,163,206,210,228,364,400,403,404,410,458
124,1,3,8,34,59,122,142,181,195,212,313,358,378,419,531
125,9,43,67,84,85,87,98,103,113,129,351,435,486
126,7,43,52,53,83,108,109,123,126,185,241,436,481
127,11,12,14,20,37,66,69,106,116,233,276,279,280,404
128,30,33,36,37,39,99,156,184,207,228,371,416,428,526
129,33,150,175
130,37,43,44,56,63,82,239,240,349,401,423
131,34,45,47,54,55,56,58,109,195,219,240,329,352,362,420
132,144
133,28,33,36,39,44,45,98,226,270,376,387
134,28,33,39,44,55,56,62,98,114,151,270,330,387,392
135,24,28,33,39,42,84,86,87,97,98,270,387,422,435
136,28,33,39,44,52,83,98,123,126,184,270,387,424,436
137,33,60,97,105,159,160,161,176,192,199,277,278,324,393,435
138,43,44,55,56,110,132,182,205,246,321,341,350,362,504
139,43,44,55,56,110,131,132,182,205,246,321,341,350,362,504
140,10,28,43,71,72,106,203,246,319,341,378,453
141,10,28,43,71,72,106,163,203,246,319,341,364,378,400,453
142,17,36,44,46,48,63,97,157,184,242,246,416,422,423,424,442,507
143,33,34,111,122,133,156,173,187,205,214,242,281,335,416,484,498
144,16,54,58,59,97,115,170,181,246,258,329,355,366,420
145,64,65,84,86,87,97,113,197,240,246,268,355,365,435
146,17,52,53,76,83,97,143,203,219,241,246,257,355,403
147,21,35,43,63,82,86,97,200,219,239,349,401,407,525
148,21,35,43,63,82,86,97,200,219,239,349,401,407,525
149,7,9,17,21,35,43,63,82,86,97,200,219,239,349,355,401,407,525,542
150,50,54,93,94,105,112,129,133,219,244,248,357,382,384,385,396,427,540
151,1,5,94,112,118,133,144,226,246,382,396,417,513
152,33,34,45,75,76,77,113,115,219,230,235,312,345,363
153,33,34,45,75,76,77,113,115,219,230,235,312,345,363
154,33,34,45,75,76,77,80,113,115,219,230,235,312,345,363
155,33,38,43,52,53,98,108,111,129,172,205,284,436,488,517
156,33,38,43,52,53,98,108,111,129,172,205,284,436,488,517
157,33,38,43,52,53,98,108,111,129,172,205,284,360,436,488,517
158,10,37,43,44,55,56,99,103,163,175,184,242,276,401,423,498
159,10,37,43,44,55,56,99,103,163,175,184,242,276,401,423,498
160,10,37,43,44,55,56,97,99,103,163,175,184,242,276,401,423,498
161,10,21,98,111,133,154,156,193,226,266,270,304,382,389
162,10,21,98,111,133,154,156,193,226,266,270,304,382,389
163,33,36,45,64,93,95,115,138,193,253,326,355,375,403,428,485,497
164,33,36,45,64,93,95,115,138,143,193,253,326,355,375,403,428,485,497
165,4,33,38,48,97,113,115,129,183,219,226,318,405
166,4,33,38,48,97,113,115,129,183,219,226,318,405
167,40,42,81,94,97,101,132,141,154,169,184,389,398,425,440
168,40,42,81,94,97,101,132,141,154,169,184,389,398,425,440,450
169,17,44,48,103,109,114,141,212,305,310,314,403,440,512
170,36,48,55,56,61,86,109,145,175,209,268,324,392,435,486
171,36,48,55,56,61,86,109,145,175,209,254,255,256,268,324,392,435,486
172,39,84,86,186,204,417
173,1,47,186,204,227,345,383
174,1,47,111,186,204,383
175,38,45,118,186,204,219,226,227,246,266,273,281,387,495,516
176,38,45,118,186,204,219,226,227,246,266,273,281,345,387,495,516
177,43,64,94,100,101,109,248,273,357,375,381,382,384,385,466,500
178,43,64,94,100,101,109,248,273,357,366,375,381,382,384,385,466,500
179,33,45,84,86,87,113,178,268,324,408,435,486,538
180,33,45,84,86,87,113,178,268,324,408,435,486,538
181,7,9,33,45,84,86,87,113,178,268,324,408,435,486,538
182,72,78,230,241,345,348,437
183,33,38,39,55,56,61,111,205,240,392,401
184,33,38,39,55,56,61,111,205,240,392,401
185,21,38,67,88,102,157,175,185,317,335,359,383,389,452
186,3,61,95,195,207,304,340
187,33,39,72,73,77,78,79,150,178,202,235,262,331,340,369,388,476,512
188,33,39,72,73,77,78,79,150,178,202,235,262,331,340,369,388,476,512
189,33,39,72,73,77,78,79,150,178,202,235,262,331,340,369,388,476,512
190,10,28,39,97,103,129,154,226,310,321,374,387,417,458
191,71,72,73,74,75,202,235,241,275,283,320,388,402
192,1,71,72,73,74,75,76,80,241,275,320,331,388,437
193,17,33,48,49,95,98,103,104,193,197,228,246,253,369,403,405
194,21,39,54,55,89,114,133,240,281,300,330,341,426
195,21,39,54,55,89,114,133,240,281,300,330,341,426
196,28,33,39,60,93,94,98,129,234,244,248,270,384,387
197,28,33,39,98,103,109,185,212,228,236,270,372,385,387
198,17,64,101,114,185,212,228,259,269,310,366,372,389,492,511
199,29,33,45,50,55,93,94,174,207,237,244,281,352,376,408,417,428,505
200,45,60,109,149,180,195,212,220,247,288,310,371,408,506
201,237
202,68,194,219,243
203,23,33,45,60,93,94,97,226,242,310,316,372,384,385,428,458
204,33,36,38,117,120,153,182,191,229,334,360,363,371,450
205,33,36,38,117,120,153,182,191,192,229,334,360,363,371,390,393,429,450,475,484
206,36,91,99,103,111,137,175,180,205,228,246,281,283,355,489
207,12,14,28,40,98,103,106,163,185,210,282,369,404,512
208,20,21,33,38,88,99,103,106,174,201,225,231,242,300,317,422,423,424,444,446,475,479
209,29,33,36,39,44,46,99,122,184,204,242,371,422,423,424
210,29,33,36,39,44,46,99,122,184,200,204,242,371,422,423,424
211,33,36,40,42,55,56,106,107,191,194,205,254,255,279,362,390,398,401
212,13,14,43,97,98,116,163,206,210,228,232,334,364,400,404,418,442,458
213,35,110,117,132,156,205,219,227,379,380,450,470,471,522
214,30,31,33,36,43,68,179,203,224,280,332,364,370,400
215,10,43,97,98,103,154,163,185,196,232,251,269,420,468
216,10,37,43,122,154,156,163,173,185,204,230,313,343,374
217,10,37,43,122,154,156,163,173,184,185,230,313,343,359
218,34,52,53,88,105,106,123,133,157,246,281,414,436,481
219,34,52,53,88,105,106,123,133,157,246,281,414,436,481,504
220,33,36,54,59,89,133,181,189,196,203,300,316,420,426
221,31,36,54,59,64,89,133,181,189,196,203,246,300,316,423,426
222,33,61,105,106,131,145,243,246,287,350,381,392,408,414
223,55,58,60,61,62,63,116,199,324,331,352,487
224,55,58,60,61,62,63,116,132,190,324,331,350,378,441,487
225,217
226,17,29,33,36,48,56,60,61,97,109,145,324,331,340,352,392
227,28,31,43,64,97,129,163,191,211,314,319,364,400,403,475
228,43,44,46,52,53,123,185,242,251,316,336,373,417,424,492,517
229,43,44,46,52,53,123,185,242,251,316,336,373,417,422,424,492,517
230,43,55,56,61,97,108,116,145,239,281,349,362,406
231,21,33,36,38,45,111,175,203,204,205,316,363,387
232,21,30,31,45,89,111,184,205,222,229,282,372,416,422,424,523
233,33,60,63,97,105,111,160,161,176,192,199,277,278,324,393,435
234,23,26,28,33,36,43,95,109,272,286,310,347,382,428,445
235,1,2,3,4,5,6,7,8,9,10,11,12,13,14,15,16,17,18,19,20,21,22,23,24,25,26,27,28,29,30,31,32,33,34,35,36,37,38,39,40,41,42,43,44,45,46,47,48,49,50,51,52,53,54,55,56,57,58,59,60,61,62,63,64,65,66,67,68,69,70,71,72,73,74,75,76,77,78,79,80,81,82,83,84,85,86,87,88,89,90,91,92,93,94,95,96,97,98,99,100,101,102,103,104,105,106,107,108,109,110,111,112,113,114,115,116,117,118,119,120,121,122,123,124,125,126,127,128,129,130,131,132,133,134,135,136,137,138,139,140,141,142,143,144,145,146,147,148,149,150,151,152,153,154,155,156,157,158,159,160,161,162,163,164,166,167,168,169,170,171,172,173,174,175,176,177,178,179,180,181,182,183,184,185,186,187,188,189,190,191,192,193,194,195,196,197,198,199,200,201,202,203,204,205,206,207,208,209,210,211,212,213,214,215,216,217,218,219,220,221,222,223,224,225,226,227,228,229,230,231,232,233,234,235,236,237,238,239,240,241,242,243,244,245,246,247,248,249,250,251,252,253,254,255,256,257,258,259,260,261,262,263,264,265,266,267,268,269,270,271,272,273,274,275,276,277,278,279,280,281,282,283,284,285,286,287,288,289,290,291,292,293,294,295,296,297,298,299,300,301,302,303,304,305,306,307,308,309,310,311,312,313,314,315,316,317,318,319,320,321,322,323,324,325,326,327,328,329,330,331,332,333,334,335,336,337,338,339,340,341,342,343,344,345,346,347,348,349,350,351,352,353,354,355,356,357,358,359,360,361,362,363,364,365,366,367,368,369,370,371,372,373,374,375,376,377,378,379,380,381,382,383,384,385,386,387,388,389,390,391,392,393,394,395,396,397,398,399,400,401,402,403,404,405,406,407,408,409,410,411,412,413,414,415,416,417,418,419,420,421,422,423,424,425,426,427,428,429,430,431,432,433,434,435,436,437,438,439,440,441,442,443,444,445,446,447,449,450,451,452,453,454,455,456,457,458,459,460,461,462,463,464,465,466,467,468,469,470,471,472,473,474,475,476,477,478,479,480,481,482,483,484,485,486,487,488,489,490,491,492,493,494,495,496,497,498,499,500,501,502,503,504,505,506,507,508,509,510,511,512,513,514,515,516,517,518,519,520,521,522,523,524,525,526,527,528,529,530,531,532,533,534,535,536,537,538,539,540,541,542,543,544,545,546,547,548,549,550,551,552,553,554,555,556,557,558,559
236,33,193,252,270
237,27,68,97,98,116,167,197,228,229,279,283,360,364,370,469,501
238,1,47,59,93,94,122,181,186,195,212,313,381,383,419,531
239,9,43,67,84,85,87,98,103,113,129,351,435,486
240,7,43,52,53,83,108,109,123,126,185,241,436,481
241,23,33,34,45,111,117,205,208,215,358,360,428,445
242,1,3,36,38,39,45,47,107,111,113,121,135,287,361,374,505,516
243,43,44,46,84,87,98,115,209,240,242,326,347,422,435
244,23,43,44,46,52,53,83,126,207,284,326,347,424,436
245,16,43,44,54,56,59,61,62,240,243,326,347,366,423
246,37,43,44,63,89,103,157,184,201,242,371,399,444,498
247,37,43,44,63,89,103,157,184,201,242,371,399,444,498
248,37,43,44,63,89,103,157,184,201,242,371,399,416,422,423,424,444,498
249,16,18,56,105,143,177,219,240,246,248,311,326,347,363,386,407
250,16,18,105,126,143,219,221,241,246,248,311,326,347,363,386,413
251,73,93,105,195,215,219,226,246,248,345,361,363,377,437
252,1,21,43,71,72,97,98,103,197,202,228,412
253,1,21,43,71,97,98,103,197,206,210,228,348,437
254,1,21,43,71,97,98,103,197,206,228,348,400,404,437
255,10,28,45,52,53,64,83,98,116,119,163
256,10,24,28,45,52,64,98,116,119,163,327,339,394
257,7,10,24,28,45,52,64,98,116,136,163,299,327,339,394,413
258,33,36,45,55,56,117,182,189,193,250,283,300
259,33,36,45,55,89,117,182,189,193,283,330,341,426
260,33,36,45,55,89,117,182,189,193,283,330,341,359,426
261,28,33,36,44,46,184,207,242,269,316,336,372,373,389
262,28,33,36,44,46,168,184,207,269,316,336,372,373,389
263,28,29,33,39,42,45,156,175,187,300,316,343,374,516
264,28,29,33,39,45,154,156,163,187,300,316,343,374,415,516
265,33,40,81,450
266,106
267,16,18,71,72,78,202,213,234,318,405,483
268,106
269,16,18,60,92,93,113,182,236,318,405,483
270,45,54,61,71,72,240,267,310,363,412,428
271,45,56,61,71,154,252,253,267,310,346,428
272,45,72,267,310
273,74,106,117,153,235,241,267
274,1,13,74,75,106,185,207,252,259,267,326
275,18,75,185,417,437,536
276,17,45,64,97,98,104,116,283,332,403
277,17,45,64,97,98,104,116,283,332,365,403
278,17,45,48,54,55,97,98,228,332,352,355,403,542
279,17,45,48,54,55,56,182,254,255,256,346,352,355,366,371,374,487,542
280,45,93,94,95,100,104,138,204,248,286,345,347,381,500,505
281,45,93,94,95,100,104,138,204,248,286,345,347,381,500,505
282,45,93,94,95,100,104,138,248,273,286,345,347,361,445,500,505
283,54,61,97,98,114,145,226,230,346
284,16,18,78,98,145,184,230,318,346,403,405,466,483
285,29,33,71,72,73,74,77,78,147,202,388,402
286,29,33,68,71,72,73,78,170,183,223,327,395,402
287,10,68,133,175,185,227,281,303,343,498
288,10,68,116,154,163,179,203,227,253,264,498
289,10,68,133,175,185,207,227,281,303,343,359,374,386,498
290,10,28,91,106,141,154,170,189,206,232
291,10,14,28,97,103,104,106,141,154,163,170,210,226,404,450
292,10,28,106,109,141,154,170,180,247,288,377,425
293,1,23,46,48,103,156,214,253,304,310,336,485
294,1,23,44,46,48,103,156,214,253,304,310,336,485
295,1,23,44,46,48,63,103,156,214,242,253,304,310,336,422,423,424,485
296,18,28,33,69,116,179,187,203,233,252,265,282,292,358,370,395,484
297,18,28,33,69,116,179,187,203,233,252,265,282,292,358,362,370,395,484
298,21,39,55,145,150,204
299,33,86,88,106,156,157,192,199,201,335,408,414,435,444
300,3,33,38,39,45,47,185,193,204,213,215,252,274,343,358,383,445
301,3,47,213,252
302,10,43,101,109,154,185,193,197,212,247,252,282,310,386,408,421,425,428,492
303,11,44,185,226,230,242,254,255,256,310,313,334,389,442
304,29,33,36,38,46,106,182,189,231,232,319,334,368,442,475,484
305,29,33,36,38,46,106,182,189,231,232,319,334,368,442,475,484
306,29,33,36,38,46,106,182,189,231,232,319,334,368,442,475,484
307,93,96,105,117,136,170,179,197,237,244,347,364,367,379,395
308,7,8,9,93,96,105,117,136,170,179,197,237,244,347,364,367,379,395
309,33,43,44,46,86,87,98,209,268,316,336,422,435,528
310,33,43,44,46,86,87,98,209,268,316,336,422,424,435,528
311,45,86,87,97,98,129,209,226,227,268,270,313,383,387,417,486,494
312,45,86,87,97,98,129,204,209,226,227,268,270,313,376,383,417,486,494
313,33,38,98,104,109,148,182,236,270,294,324,405,428
314,33,98,204,227,230,236,260,270,273,343,405,428
315,40,71,72,73,74,78,80,92,202,230,235,275,312,320,345,390
316,1,92,124,133,139,188,227,254,255,256,281,378,380,441,491
317,1,34,92,124,133,139,188,227,254,255,256,281,378,380,441,491
318,36,43,44,97,99,103,116,184,207,242,372,423,453
319,43,44,97,99,103,116,130,163,184,207,242,269,364,372,400,423,453
320,45,54,55,56,133,150,156,205,250,291,310,323,340,352,362,484
321,45,54,55,56,133,150,156,205,250,291,310,323,340,352,362,484
322,33,36,38,45,52,53,89,116,133,222,414,436,481
323,33,36,45,52,89,90,116,133,157,222,284,414,436,481
324,34,52,53,83,108,110,123,133,174,175,182,229,257,334,436,504,517
325,60,94,109,149,150,156,173,244,277,316,340,371,408,428,473
326,60,94,109,149,150,156,173,244,277,316,340,371,408,428,473
327,33,37,38,60,95,146,175,185,244,253,298,383,389
328,28,44,63,89,90,91,185,201,242,328,364,414
329,28,48,49,63,103,185,201,225,328
330,28,48,49,63,103,185,201,225,328,337,525
331,28,40,42,43,71,73,74,178,185,191,194,201,275,302,371,389
332,28,40,42,43,71,73,74,178,185,191,194,201,275,279,302,371,389
333,31,36,45,47,54,64,119,195,219,287,310,363,406,538
334,31,36,45,47,54,64,143,195,219,225,287,310,349,363,365,406,538
335,10,14,43,98,163,197,206,210,228,269,306,370,373,404
336,35,44,103,114,122,137,207,242,305,342,378,398,400,474,489
337,33,88,93,94,95,106,149,153,248,322,373,377,397,478
338,33,76,83,88,93,106,149,153,157,322,373,377,397,472
339,55,89,90,133,156,173,189,222,248,300,346,352,401,426
340,55,89,90,133,156,173,189,222,248,300,321,346,352,401,426,428
341,11,12,14,43,61,106,145,152,182,242,269,282,400
342,11,12,14,43,61,106,129,145,152,182,242,269,282,400
343,60,93,106,120,153,189,201,229,246,317,322,326,377,379,414,470,471
344,60,63,93,100,106,120,153,189,201,229,246,317,322,326,377,379,414,470,471
345,51,109,132,133,246,254,255,256,275,310,378,380,412
346,51,109,132,133,246,254,255,256,275,310,378,380,412
347,10,55,106,163,182,210,232,246,300,306,350,404
348,10,55,106,163,182,210,232,246,300,306,350,404
349,33,150,175
350,35,55,56,105,213,219,239,240,287,346,352,392,401,445
351,29,33,52,55,56,59,126,181,240,241,258,311
352,10,20,39,60,103,122,154,163,164,168,185,246,310,364,389,421,425,485
353,101,103,174,180,185,247,261,271,282,288,289,373,389,425,506
354,101,103,174,180,185,247,261,271,282,288,289,373,389,425,506
355,43,50,101,109,174,193,212,228,248,261,310,371,425,506
356,7,8,9,20,43,50,101,109,174,193,212,228,248,261,310,325,356,371,425,506
357,16,18,23,34,43,74,75,76,230,235,345,363,403,437,516,536
358,35,36,38,45,93,149,215,219,253,281,310,326,361,485,505
359,10,13,14,43,44,98,104,163,195,197,228,248,269,364,382,389,400,427
360,68,150,194,204,219,227,243
361,29,43,44,59,104,181,182,196,242,258,420,423
362,29,43,44,58,59,104,181,182,196,242,258,329,423
363,34,45,55,59,62,111,156,173,181,227,258,301,329
364,34,45,55,59,62,156,173,181,207,227,258,301,329
365,34,45,55,59,62,156,173,181,207,227,242,258,301,329,423
366,55,128,250,334,504
367,44,56,103,184,226,242,250,291,352,362,401,423
368,56,93,94,97,133,226,250,291,352,392,401,445
369,33,36,38,55,56,106,156,246,281,291,300,317,457
370,33,36,55,56,97,175,186,204,213,219,352,381,392,445
371,29,38,43,44,52,99,116,184,225,242,337,428
372,29,38,43,44,52,99,116,182,184,225,242,337,428
373,19,29,38,43,44,52,99,116,182,184,225,242,337,422,424,428,525
374,36
375,36,63,93,94,97,184,228,232,309,334,393,418,428
376,36,63,93,94,97,184,228,232,309,334,359,393,418,428
377,23,63,88,153,174,192,199,246,276,334,359,444,451
378,23,58,63,133,153,174,192,196,199,246,276,359,451
379,23,63,133,153,174,192,199,232,246,276,334,359,430,442,451
380,94,105,149,204,219,225,270,273,287,296,346,361,375,406,428,470,505,513
381,94,105,149,182,219,225,262,270,287,295,349,375,377,406,428,471,477,505
382,34,38,56,58,184,246,323,329,330,347,352,392,401
383,76,89,90,126,156,184,246,284,339,341,359,414,436
384,19,63,156,184,200,239,242,245,246,304,349,403,406
385,38,93,94,129,156,248,270,273,287,322,353,356,361,387,428
386,35,43,63,68,94,97,100,101,104,105,129,133,191,192,228,243,245,269,276,282,289,322,334,354,375,428
386,35,43,63,68,94,97,100,101,104,105,129,133,191,192,228,243,245,269,276,282,289,322,334,354,375,428
386:2,35,43,63,68,94,97,100,101,104,105,129,133,191,192,228,243,245,269,276,282,289,322,334,354,375,428
386:3,35,43,63,68,94,97,100,101,104,105,129,133,191,192,228,243,245,269,276,282,289,322,334,354,375,428
387,33,44,71,72,73,75,110,174,202,235,242,437
388,33,44,71,72,73,75,110,174,202,235,242,437
389,33,44,71,72,73,75,89,110,174,202,235,242,437,452
390,10,43,52,53,83,154,172,259,263,269,303,417,512
391,10,43,52,83,154,172,183,259,269,303,364,370,394,512
392,10,43,52,83,154,172,183,269,347,364,370,386,394,512
393,1,31,45,54,56,61,64,65,117,145,250,346,362
394,31,33,45,54,56,61,64,65,117,145,232,250,346,362
395,14,31,33,45,54,56,61,64,65,145,207,232,250,362,453
396,17,18,33,36,45,97,98,104,283,332,413,515
397,17,18,33,36,45,97,98,104,283,332,413,515
398,17,18,33,36,45,97,98,104,283,332,370,413,515
399,29,33,36,45,111,133,158,162,174,205,276,281
400,29,33,36,45,55,111,133,158,162,174,205,276,281
401,45,117,450,522
402,45,47,103,116,117,141,163,195,210,269,400,404,405
403,33,43,44,46,184,207,209,242,268,422,435,528
404,33,43,44,46,184,207,209,242,268,422,435,528
405,33,43,44,46,184,207,209,242,268,422,435,528
406,71,72,74,78,346,388
407,40,72,230,311,345
408,29,36,43,103,116,184,228,246,372,428,457,498
409,29,36,43,103,116,184,228,246,283,372,428,457,498
410,33,36,182,203,207,246,269,319,334,368,442,484
411,33,36,182,203,207,246,269,319,334,335,368,442,484
412,33,182,237,450
413,33,60,74,75,93,94,175,182,213,237,437,445,450
413,33,60,90,93,94,106,175,182,213,237,350,445,450
413:2,33,60,93,94,175,182,213,237,319,429,442,445,450
414,16,33,60,77,93,94,182,237,293,318,403,405,450,483
415,16,230,450
416,16,40,92,109,154,163,194,207,210,228,230,408,445,454,455,456
417,45,86,98,117,129,158,162,186,203,204,209,387,435,486
418,13,45,49,55,97,98,129,228,250,346,401,453
419,13,45,49,55,97,98,129,228,242,250,346,401,423,453
420,33,36,73,74,76,234,241,270,345,381,388
421,33,36,73,74,76,80,234,241,270,345,381,388
422,34,105,106,189,237,240,300,330,352,426
423,34,105,106,189,237,240,300,330,352,426
424,10,28,39,97,103,129,154,226,310,321,374,387,417,458
425,16,107,116,132,153,226,247,254,255,256,310,371,466,506
426,16,107,116,132,153,226,247,254,255,256,310,371,466,506
427,1,26,97,98,111,146,150,193,203,204,218,226,340,361,494,495
428,1,26,97,98,111,146,150,193,203,204,216,226,243,277,340,361,494,495
429,45,149,180,310,345,381
430,17,114,207,228,310,399,400,417,492,511
431,10,45,95,154,163,185,204,213,252,274,389,445,468
432,10,34,45,95,154,163,185,204,207,213,252,274,445,468
433,35,45,93,253,310,387,494
434,10,92,103,108,116,139,153,154,163,262,364,400,491
435,10,53,92,103,108,116,139,153,154,163,262,364,400,491
436,33,93,95,109,185,219,248,286,326,334,360,371,377,484
437,33,93,95,109,185,219,240,241,248,286,326,334,335,360,371,377,484
438,21,38,67,88,102,157,175,185,313,317,335,383,389
439,3,60,93,94,96,102,112,113,115,164,219,226,227,271,272,278,321,383
440,1,186,204,287,383
441,31,45,47,64,102,119,253,269,297,304,355,448,485,496,497
442,95,109,138,174,180,185,228,262,389,399,417,425,466
443,28,33,36,82,91,163,201,328,337,407
444,28,33,36,82,91,163,201,328,337,407,530
445,28,33,36,82,91,163,201,242,328,337,407,424,530
446,33,34,103,111,118,122,133,205,254,256,278,289,316,363,374,387,498
447,68,98,103,179,193,203,364,383,395,417,515
448,14,68,98,193,197,198,232,245,319,347,364,370,382,395,396,399,406,501,505
449,28,33,36,38,44,89,90,91,242,281,328
450,28,33,36,38,44,89,90,91,242,281,328,422,423,424
451,40,42,43,44,184,242,282,305,367,390,440,450,468,474
452,40,42,43,44,184,242,282,305,367,390,422,423,424,440,450,468,474
453,40,185,188,189,207,228,260,269,279,310,389,398,417,426,474
454,40,185,188,189,207,228,260,269,279,310,389,398,417,426,474
455,20,22,44,74,185,230,242,254,255,256,275,378,438,536
456,1,16,55,213,219,240,250,318,340,352,369,392,445,487
457,1,16,55,213,219,240,250,318,340,352,369,392,445,487
458,17,29,33,36,48,56,61,97,109,145,340,352,392
459,43,54,59,75,181,196,207,275,320,329,420,452
460,8,43,54,59,75,181,196,207,275,320,329,420,452
461,10,43,98,103,154,185,196,232,269,279,372,373,374,399,400,417,468
462,33,48,49,84,86,103,112,192,199,209,243,319,360,393,429,435,443,486
463,21,23,35,48,50,103,111,122,205,282,287,360,378,382,438,498
464,23,30,31,32,36,39,89,184,224,350,359,398,439,444,498,529
465,20,21,22,71,72,74,77,78,79,132,246,275,282,321,335,363,378,438
466,7,9,43,67,84,85,87,98,103,113,129,351,416,435,486
467,7,9,43,52,53,63,83,108,109,123,126,185,241,436,481
468,143,245,396,403
469,33,48,49,98,103,104,163,193,197,228,246,253,364,369,400,403,405,450
470,14,28,33,39,75,98,202,235,241,270,320,345,348,387
471,28,33,39,44,59,98,112,196,243,258,270,387,420,423
472,12,14,28,98,103,106,185,210,282,369,398,400,404,422,423,424,512
473,36,54,59,64,89,181,184,189,203,246,258,300,316,423,426,458
474,33,60,63,97,105,160,161,176,192,199,277,324,373,393,417,433,435
475,14,43,93,100,104,163,182,206,210,270,348,364,370,400,427,500,505
476,33,86,156,157,192,199,201,334,335,356,393,408,414,435,443,444
477,7,8,9,20,43,50,101,109,174,193,212,228,248,261,310,325,356,371,425,506
478,43,59,104,109,181,194,196,258,310,358,420,445,466
479,84,86,104,109,164,253,268,271,310,351,435,466,486,506
479,84,86,104,109,164,253,268,271,310,351,435,437,466,486,506
479:2,84,86,104,109,164,253,268,271,310,315,351,435,466,486,506
479:3,59,84,86,104,109,164,253,268,271,310,351,435,466,486,506
479:4,56,84,86,104,109,164,253,268,271,310,351,435,466,486,506
479:5,84,86,104,109,164,253,268,271,310,351,403,435,466,486,506
480,93,129,133,156,175,203,248,262,281,286,326,363
481,93,129,156,182,204,248,286,326,361,363,381,383
482,93,129,153,156,197,248,253,286,326,363,387,417
483,163,184,225,231,232,246,337,368,396,408,414,430,459
484,56,163,184,225,246,337,352,396,401,408,414,460
485,43,83,184,242,246,257,319,414,424,436,442,444,463
486,7,8,9,109,146,193,279,282,371,416,428,462,469,484
487,163,184,194,225,246,337,396,414,421,425,466,467,506
487,163,184,194,225,246,337,396,414,421,425,466,467,506
488,54,62,93,94,104,163,219,236,248,375,427,461
489,48,61,145,151,204,240,250,291,346,352,392
490,48,61,145,151,204,240,250,291,294,346,352,391,392
491,50,95,98,104,114,138,171,185,399,417,464,466
492,73,74,98,186,230,235,312,345,361,363,388,403,412,437,465
492,73,74,98,186,230,235,312,345,361,363,388,403,412,437,465
493,63,69,105,195,245,248,287,304,322,356,363,386,414,449
494,29,38,93,98,116,179,203,315,394,428,481,488,500,510,515,517,545
495,21,22,33,35,43,72,73,74,202,348,378,380,437,489,536
496,21,22,33,35,43,72,73,74,202,348,378,380,437,489,536
497,21,22,33,35,43,72,73,74,202,348,378,380,437,489,536
498,33,36,39,46,52,53,111,123,205,316,372,394,457,488,535
499,33,36,39,46,52,53,111,123,205,292,316,372,394,457,488,535
500,33,36,39,46,52,53,111,123,205,292,316,359,372,394,457,488,535
501,14,33,39,55,56,116,210,227,279,346,352,401,453,514,534
502,14,33,39,55,56,116,210,227,279,346,352,401,453,514,534
503,14,33,39,55,56,116,163,210,224,227,279,346,352,401,453,514,534
504,21,28,33,43,44,95,117,158,162,197,212,226,242,495,526
505,21,28,33,43,44,67,95,109,117,158,162,197,212,226,242,244,495
506,33,36,43,44,46,179,242,270,316,387,416,514,526
507,33,36,43,44,46,179,242,270,316,387,416,514,526
508,33,36,43,44,46,179,242,270,316,387,416,422,423,424,514,526
509,10,28,45,154,163,228,252,259,274,289,372,389,400,417,445,468
510,10,28,45,154,163,228,252,259,269,274,289,372,389,400,417,468
511,10,22,43,44,73,122,154,242,259,278,363,374,402,447,512
512,43,122,154,402
513,10,43,44,122,126,133,154,242,278,281,363,374,481,510,512
514,43,122,154,481
515,10,43,44,55,122,154,242,269,278,346,362,363,374,503,512
516,43,122,154,503
517,60,94,95,111,138,149,171,236,248,281,286,347,381,428,477,485,500
518,60,95,111,381
519,13,16,43,45,98,143,197,207,263,269,297,314,355,366,403
520,13,16,43,45,98,143,197,207,263,269,297,314,355,366,403
521,13,16,43,45,98,143,197,207,263,269,297,314,355,366,403
522,23,37,39,86,97,98,209,228,268,351,435,488,528
523,23,37,39,86,97,98,209,228,268,351,435,488,528
524,28,29,33,106,153,157,189,201,334,350,444,446,479
525,28,29,33,106,153,157,189,201,334,350,408,444,446,479
526,28,29,33,106,153,157,189,201,334,350,408,444,446,479
527,16,93,94,133,213,248,283,286,314,316,347,372,403,531
528,16,93,94,133,213,248,283,286,314,316,347,372,403,531
529,10,14,89,90,91,154,157,163,189,201,229,232,300,468,529
530,10,14,32,89,90,91,154,157,163,189,201,229,232,300,468,529
531,1,3,36,38,45,213,270,287,290,387,493,494,495,505
532,1,43,67,88,116,117,157,184,223,264,276,339,358,359,444,498
533,1,43,67,88,116,117,157,184,223,264,276,339,358,359,444,498
534,1,43,67,88,116,117,157,184,223,264,276,339,358,359,444,498
535,45,48,56,61,145,175,240,253,304,330,341,392,496,497
536,45,48,56,61,145,175,240,253,304,330,341,392,496,497
537,45,48,51,56,61,145,175,240,253,304,330,341,392,409,496,497
538,20,34,43,69,116,117,179,203,233,276,279,339,469,480,509
539,2,24,43,68,116,117,179,203,249,280,339,370,490,501,514
540,33,75,81,175,203,405,450,522
541,33,75,81,182,320,450
542,14,33,75,81,163,206,270,348,404,437,450,494,522
543,38,40,92,97,103,111,182,205,228,342,431,450,474,537
544,38,40,92,97,103,111,182,205,228,334,342,431,450,474,537
545,38,40,92,97,103,111,182,205,224,226,228,342,431,450,474,537
546,71,72,73,74,75,76,77,78,178,202,204,241,270,283,412,538
547,16,72,73,74,178,366,542
548,71,72,73,74,78,79,202,235,241,270,312,345,412,437,494,495
549,72,73,74,80,235,298,483
550,29,33,36,37,38,44,55,175,184,242,253,401,453,487,498,515
551,28,37,43,44,89,91,99,184,189,201,207,242,259,328,372,373,492
552,28,37,43,44,89,91,99,184,189,201,207,242,259,328,372,373,492
553,28,43,44,89,91,99,184,189,200,201,207,242,259,328,372,373,492
554,7,29,33,37,99,187,205,253,263,269,276,315,394,424,510,526
555,7,29,33,37,99,187,205,207,263,269,276,315,359,394,424,510,526
555,7,29,33,37,99,187,205,207,263,269,276,315,359,394,424,510,526
556,42,64,71,72,74,76,80,178,202,230,235,241,275,302,367,389,495,538
557,28,110,157,163,175,185,210,350,397,404,439,446,450,479,504
558,28,110,157,163,175,185,350,397,404,439,446,450,479,504
559,28,29,43,67,136,184,185,207,242,263,264,280,371,431,457,498
560,28,29,43,67,136,184,185,207,242,263,264,280,371,431,457,498
561,16,18,60,94,95,113,115,119,143,149,314,322,356,357,366,403,485
562,50,101,114,174,182,194,212,247,261,288,310,466,470,471,506
563,50,101,114,174,182,184,194,212,247,261,288,310,466,470,471,506
564,44,55,56,110,117,157,174,182,205,240,242,246,362,401,453,469,479,504
565,44,55,56,110,117,157,174,182,205,240,242,246,362,401,453,469,479,504
566,17,37,43,88,97,98,104,157,184,225,242,246,283,337,365,369,501,512
567,17,37,43,88,97,98,104,157,184,225,242,246,283,337,365,369,501,512
568,1,3,36,92,124,133,139,153,188,254,256,278,390,441,491,499
569,1,3,34,92,124,133,139,153,188,254,256,278,390,441,491,499
570,10,43,97,154,184,185,228,259,269,286,313,373,386,417,492,539
571,10,43,97,154,184,185,228,259,269,286,369,373,386,400,417,468,492,539
572,1,3,21,45,47,129,204,227,270,304,321,358,387,445,495,497,541
573,47,270,321,331,350,541
574,1,3,60,93,94,185,204,248,260,313,321,373,377,473,477,478
575,1,3,60,93,94,185,204,248,260,313,321,373,377,473,477,478
576,1,3,60,93,94,185,204,248,260,313,321,373,377,473,477,478
577,94,105,113,115,149,204,205,220,237,248,283,285,289,377,472,473
578,94,105,113,115,149,204,205,220,237,248,283,285,289,377,472,473
579,94,105,113,115,146,149,204,205,220,237,248,283,285,289,377,472,473
580,17,55,61,240,297,332,346,352,355,366,392,403,413,432,542
581,17,55,61,240,297,332,346,352,355,366,392,403,413,432,542
582,54,58,59,106,151,196,243,253,258,269,310,329,333,419,429
583,54,58,59,106,151,196,243,253,258,269,310,329,333,419,429
584,54,58,59,106,151,196,243,253,258,269,310,311,329,333,419,429
585,24,26,28,33,36,38,45,73,76,185,204,267,293,312,412
586,24,26,28,33,36,38,45,73,76,185,204,224,267,293,312,412,532
587,39,84,97,98,104,113,209,227,228,268,351,435,486,512,521
588,14,29,31,36,38,43,64,163,175,184,203,206,210,404,405
589,14,29,31,41,43,64,163,179,206,334,404,405,416,442,501
590,71,72,74,76,92,117,147,185,202,230,235,275,310,476,499
591,71,72,74,76,92,117,147,185,202,230,235,275,310,476,499
592,56,61,71,101,105,145,240,323,346,352,362,378,466,506
593,56,61,71,101,105,145,240,323,346,352,362,378,466,506
594,1,3,56,182,219,270,273,346,352,358,361,362,392,453,469,487,505
595,81,86,97,103,141,163,169,210,324,380,389,405,435,450,486,527
596,81,86,97,103,141,163,169,210,324,380,389,405,435,450,486,527
597,33,42,106,120,153,174,205,232,275,334,360,371,429,430,442
598,33,42,106,120,153,174,205,232,275,334,360,371,429,430,431,438,442
599,11,20,63,84,103,192,199,268,319,429,435,451,475,508,544
600,11,20,63,84,103,192,199,268,319,429,435,451,475,508,544
601,11,20,63,84,103,192,199,268,319,429,435,451,475,508,544
602,33,86,209,451
603,20,29,37,51,85,86,192,209,242,380,435,451,489,491,528
604,29,51,242,306,435
605,29,45,60,93,94,105,237,244,286,347,357,377,428,470,471,472,485,493
606,29,45,60,93,94,105,237,244,286,347,357,377,428,470,471,472,485,493
607,52,83,101,107,109,123,174,220,247,261,262,286,310,315,481,506,517
608,52,83,101,107,109,123,174,220,247,261,262,286,310,315,481,506,517
609,109,123,481,506
610,10,12,14,43,82,163,184,200,206,269,337,349,372,406,416,530
611,10,12,14,43,82,163,184,200,206,269,337,349,372,406,416,530
612,10,12,14,43,82,163,184,200,206,269,337,349,372,406,416,530
613,37,45,59,117,154,156,163,175,181,196,203,204,258,329,362
614,37,45,59,117,154,156,163,175,181,196,203,207,258,276,329,362,556
615,20,54,58,62,76,105,109,113,114,115,151,159,163,196,229,329,400,420
616,34,51,72,105,117,141,151,174,182,202,281,385,405,515,522
617,72,97,98,104,105,129,141,202,369,382,384,405,491,515,522
618,84,85,90,117,175,189,203,279,293,300,330,340,341,426,435
619,1,3,26,96,129,136,179,197,252,340,347,369,395,396,409,501
620,1,3,26,96,129,136,179,197,252,340,347,369,395,396,409,469
621,10,43,44,82,163,184,200,242,276,279,337,400,431,468,498,525
622,1,5,89,101,111,174,189,205,222,223,264,310,325,334,359
623,1,5,89,101,111,174,189,205,222,223,264,310,325,334,359,484
624,10,12,14,43,163,184,185,210,232,259,319,334,372,373,400,442
625,10,12,14,43,163,184,185,210,232,259,319,334,368,372,373,400,442
626,14,30,31,37,43,99,116,179,184,224,228,279,416,543
627,17,18,31,37,43,64,163,184,306,332,366,403,413,432,468,507
628,17,18,31,37,43,64,163,184,276,306,332,366,403,413,432,468,507
629,16,18,31,43,119,185,260,365,366,373,386,399,403,413,417,432
630,16,18,31,43,119,185,198,260,365,366,373,386,399,403,413,417,432
631,20,53,83,122,133,154,163,254,255,256,289,316,450,481,510,517
632,11,12,28,44,91,97,210,232,242,319,334,404,442,450,494
633,21,29,33,34,44,46,82,116,184,200,225,242,304,406,407,526
634,21,29,34,44,46,82,116,184,200,225,242,304,406,407,458,526
635,21,29,34,44,46,82,116,161,184,200,225,242,304,406,407,526
636,36,37,38,52,81,133,141,172,394,405,450,488
637,16,18,52,81,83,141,257,318,405,476,483,542,552
638,14,24,36,43,98,232,270,368,370,442,501,514,526,533
639,14,24,36,43,98,157,270,370,444,479,501,514,526,533
640,14,24,36,43,98,202,270,345,348,370,501,514,526,533
641,16,37,44,97,207,240,242,253,279,310,314,326,359,366,399,403,542
642,37,44,84,87,97,207,242,253,268,279,310,351,359,377,399,417,435
643,53,82,126,163,200,225,242,246,286,304,326,406,424,551,558
644,82,85,87,163,200,225,242,246,286,304,337,422,428,550,559
645,14,88,89,90,157,200,201,286,317,326,335,341,359,386,414,444,523
646,58,59,82,163,184,196,200,225,246,283,286,304,406,549
647,14,24,36,43,56,61,270,370,401,453,501,514,526,533
648,47,60,93,94,98,195,272,298,304,358,369,370,496,497,512
648,47,60,93,94,98,195,272,298,304,358,369,370,496,497,512
649,63,98,103,120,161,163,192,199,210,232,319,324,393,404,405,443,488,493,546
