2,402
3,402
11,33,81,450
12,33,81,106,450
14,40,81,450
15,40,81,106,450
25,186,204,417
26,19,21,45,47,97,186,204,227,231,298,364,417,435,486
31,44,45,154,242,260,270,305,390,445
34,30,31,32,43,260,270,390,445
35,186,204,345,383
36,1,45,111,186,204,227,236,266,309,322,345,356,358,361,381,383,495,500,516
38,39,83,286,288,326,445,481,517
39,186,204,383
40,1,34,38,102,186,204,205,304,358,383
45,51,71,79,202,230,236,363,381
53,6
57,343
59,36,43,52,97,172,179,242,257,270,394,481
62,34,55,56,145,187,341,346,358,426
65,272
71,21,35,51,74,77,78,282,378,380
76,205
78,33
85,458
87,346
91,33,43,56,128,250,333,334,362,420,504,534
103,73,77,78,79,253,331,363,388,516
106,33,252,270
107,33,193,252,270
113,186,204,383
121,33,56,61,106,107,293,322,408,513
122,321
124,47,93,186,381,383
130,33,150,175
134,36,45,226,376
135,36,44,45,226,376
136,36,45,226,376
143,103,118,254,256,278,289,316,363,387
182,51,71,77,79,80,202,236,363,381
183,21,145,150,204
184,21,145,150,204
185,313
186,34,55,56,145,187,341,346,358,426
192,202,235,283,402
196,36,44,45,226,376
197,36,44,45,226,376
199,133,303
202,150,204,227
208,328
212,17,403,410
217,204
221,33,420
224,199,352
232,33,36,38,175,203,204,316,363,387
233,159
237,33,193,252,270
242,186,204,383
253,72,202
254,72,202,210
256,83
257,83,119
259,56,250,300
260,56,250,300
262,242
264,42,175
266,33,40,81,450
267,33,40,81,106,450
268,33,40,81,450
269,33,40,81,106,450
271,54,72,363
272,54,56,61,71,154,252,253,346,363,428
274,117,235
275,1,13,74,106,117,235,252,267,326
279,97,98,228,403
282,204,381
284,54,61,97,114,226
286,74,77,147,202,388
288,133,175,185,281,303,343
289,116,154,163,179,203,253,264
291,189,232
292,189,232
301,33,38,39,45,185,193,204,215,274,343,358,383,445
315,346,388
319,36
323,38
329,44,90,242,364,414
330,44,90,242,364,414
334,119
350,33,150,175
358,387,494
362,420
364,111
365,111
367,55,128,334,504
368,55,128,334,504
391,417
392,303,417
394,1
395,1,117,346
402,450
407,71,73,74,78,80,202,235,275,312,320,346,388,390
416,450
429,60,109,195,212,220,288,408,506
430,64,101,185,212,366,372,389
432,389
448,103,179,203,383,417,515
461,97,163,251,420
462,161
468,38,45,118,186,204,226,227,246,266,273,281,345,387,495,516
469,17,95
470,36,44,45,226,376
471,36,45,226,376
472,40,163
473,31,33,133,196,420
474,111,159,278
475,45,95,204,248,286,345,381
476,88,106
478,29,44,242,423
510,445
512,10,22,44,73,242,278,363
514,10,44,133,242,278,281,363
516,10,44,55,242,278,346,362,363
518,149,171,236,248,281,286,428,485,500
541,175,203,405
542,175,203,320,405
545,334
547,71,75,77,78,202,204,270,283,538
549,71,78,79,202,270,312,345,437,494,495
553,37
555,253
558,210
569,36
571,313
573,1,3,21,45,129,204,227,304,358,387,445,495
589,36,38,175,184,203,210
603,33
604,20,33,37,192,209,380,489,491
609,52,83,101,107,174,220,262,286,310,517
614,204
617,34,51,117,151,174,281,385
620,501
634,33
635,33,458
637,36,37,38,133,172,394,450
