1,520
2,520
3,338,520
4,519
5,519
6,307,519
7,518
8,518
9,308,518
147,434
148,434
149,434
152,520
153,520
154,338,520
155,519
156,519
157,307,519
158,518
159,518
160,308,518
230,434
252,520
253,520
254,338,520
255,519
256,519
257,307,519
258,518
259,518
260,308,518
329,434
330,434
334,434
371,434
372,434
373,434
380,434
381,434
384,434
387,520
388,520
389,338,520
390,519
391,519
392,307,519
393,518
394,518
395,308,518
443,434
444,434
445,434
483,434
484,434
487,434
487,434
495,520
496,520
497,338,520
498,519
499,519
500,307,519
501,518
502,518
503,308,518
610,434
611,434
612,434
621,434
633,434
634,434
635,434
643,434
644,434
646,434
647,548
648,547
648,547
